   -2.376597     0.360803    -2.558013    -1.368350      1
   -1.069854    -1.090049    -2.558013    -1.368350      1
   -1.184909     0.461845    -2.558013    -1.368350      1
   -0.571297    -0.211070    -2.558013    -1.368350      1
   -0.450361    -0.716481    -2.558013    -1.368350      1
   -1.901163    -0.504917    -0.885252    -0.163053      2
    0.595710    -0.025915    -0.885252    -0.163053      2
   -2.552974    -1.024623    -0.885252    -0.163053      2
   -1.848988    -0.150884    -0.885252    -0.163053      2
   -1.886234    -0.339204    -0.885252    -0.163053      2
   -1.930999    -1.492948     0.139451     0.417339      3
    3.308011    -0.931090     0.139451     0.417339      3
    1.296430     0.048687     0.139451     0.417339      3
    1.771819    -0.325317     0.139451     0.417339      3
    1.607439     0.197517     0.139451     0.417339      3
    1.521477    -0.711631    -1.181484    -0.655635      4
   -0.447711    -0.049031    -1.181484    -0.655635      4
    0.226512     0.644355    -1.181484    -0.655635      4
    1.985350     1.294244    -1.181484    -0.655635      4
   -0.731388    -1.174224    -1.181484    -0.655635      4
   -1.598425    -1.137723    -0.848323    -1.020014      5
   -0.796609    -0.017450    -0.848323    -1.020014      5
   -2.222773    -1.169320    -0.848323    -1.020014      5
   -0.183139     0.353990    -0.848323    -1.020014      5
    0.020267     2.702314    -0.848323    -1.020014      5
    3.632248     0.331085     0.769177    -0.478909      6
    4.591761     1.325394     0.769177    -0.478909      6
    4.583703     0.815127     0.769177    -0.478909      6
   -0.902475    -1.216618     0.769177    -0.478909      6
    3.903436     0.943706     0.769177    -0.478909      6
    2.787992     0.803493    -1.039917    -0.391397      7
    0.082595    -0.734286    -1.039917    -0.391397      7
    1.778983    -0.280831    -1.039917    -0.391397      7
    1.220519    -0.476708    -1.039917    -0.391397      7
    0.875131    -0.400170    -1.039917    -0.391397      7
    1.794294    -0.082006     1.030071    -0.106872      8
    0.694217    -0.974442     1.030071    -0.106872      8
    6.520941     1.395183     1.030071    -0.106872      8
    5.532756     0.653039     1.030071    -0.106872      8
    0.362521    -1.667465     1.030071    -0.106872      8
    1.500230    -0.732290    -0.907692    -0.247914      9
   -0.204591    -0.644468    -0.907692    -0.247914      9
    1.110942     1.879050    -0.907692    -0.247914      9
    0.237578    -0.450450    -0.907692    -0.247914      9
    2.212051    -0.961140    -0.907692    -0.247914      9
    1.149443     0.537945    -0.780916    -0.098723     10
    0.253384    -1.338984    -0.780916    -0.098723     10
    1.288452    -2.215090    -0.780916    -0.098723     10
   -0.564624     0.259497    -0.780916    -0.098723     10
   -0.748551    -1.975323    -0.780916    -0.098723     10
    2.795063    -0.114452    -0.883909    -0.611712     11
    2.054853     0.081414    -0.883909    -0.611712     11
   -1.228934    -0.296353    -0.883909    -0.611712     11
    1.068148     0.106356    -0.883909    -0.611712     11
    0.780942    -0.717427    -0.883909    -0.611712     11
    1.109846     0.948813     0.223186    -0.230002     12
    3.118672     1.594388     0.223186    -0.230002     12
    1.259445    -0.644951     0.223186    -0.230002     12
    2.248980     0.865529     0.223186    -0.230002     12
   -0.877960    -0.867335     0.223186    -0.230002     12
    5.800208     0.562263     0.421775     0.060883     13
    0.266386    -1.093457     0.421775     0.060883     13
   -0.208382    -1.443402     0.421775     0.060883     13
    4.973798     1.014357     0.421775     0.060883     13
    6.474567     0.357743     0.421775     0.060883     13
    0.621005     0.015105    -0.861470     0.206544     14
    1.742630    -1.848512    -0.861470     0.206544     14
    1.944323    -0.692490    -0.861470     0.206544     14
    1.401773     0.061733    -0.861470     0.206544     14
    2.787464     0.290927    -0.861470     0.206544     14
   -0.919715     1.040375    -0.807707    -1.108280     15
   -1.212274    -0.877263    -0.807707    -1.108280     15
   -0.880467    -0.673425    -0.807707    -1.108280     15
   -0.674109     0.608712    -0.807707    -1.108280     15
   -2.379524     0.446559    -0.807707    -1.108280     15
    2.569183     1.024469    -0.211407     0.441552     16
    2.832452    -0.074243    -0.211407     0.441552     16
    3.431503     0.011773    -0.211407     0.441552     16
   -0.050479    -1.209173    -0.211407     0.441552     16
    1.364478     0.047194    -0.211407     0.441552     16
    3.707809    -0.561677     0.561406     0.061311     17
    2.753179    -0.417772     0.561406     0.061311     17
    2.411267    -0.500464     0.561406     0.061311     17
    4.984659     1.102057     0.561406     0.061311     17
    1.161384    -0.373586     0.561406     0.061311     17
    2.059954     0.691119    -0.152589     0.202168     18
    1.245084     0.865967    -0.152589     0.202168     18
    1.673958    -0.757517    -0.152589     0.202168     18
    1.210095     1.206227    -0.152589     0.202168     18
   -0.222432     1.273982    -0.152589     0.202168     18
    2.683408     2.510170    -0.307264    -0.510837     19
    2.595970     0.729645    -0.307264    -0.510837     19
    0.721671    -2.231973    -0.307264    -0.510837     19
    2.906536    -1.713454    -0.307264    -0.510837     19
    1.762691     2.159812    -0.307264    -0.510837     19
    4.009708    -0.217275     0.715743     0.395914     20
    2.733303    -0.538602     0.715743     0.395914     20
    2.481480    -0.387472     0.715743     0.395914     20
    3.386024     0.240982     0.715743     0.395914     20
    5.039644     0.832066     0.715743     0.395914     20
    1.917402    -0.517768    -0.756436     0.762782     21
    2.436751    -0.050910    -0.756436     0.762782     21
    5.657300     1.133792    -0.756436     0.762782     21
    1.202492    -3.511615    -0.756436     0.762782     21
    4.404638     0.135734    -0.756436     0.762782     21
   -1.994064    -1.497856    -0.725037    -1.052441     22
   -0.142130     1.424538    -0.725037    -1.052441     22
    1.320868    -1.824895    -0.725037    -1.052441     22
   -0.395684    -0.808021    -0.725037    -1.052441     22
    1.322446     0.742895    -0.725037    -1.052441     22
    0.087154     0.558823    -1.950239    -0.621620     23
    1.830589     0.993648    -1.950239    -0.621620     23
   -0.887897    -1.393697    -1.950239    -0.621620     23
   -0.566485    -0.001115    -1.950239    -0.621620     23
    1.223100    -0.206486    -1.950239    -0.621620     23
    3.857390    -0.316631    -0.405780    -0.254226     24
    2.712629    -0.480098    -0.405780    -0.254226     24
    4.607029     0.134860    -0.405780    -0.254226     24
   -1.940714    -2.389389    -0.405780    -0.254226     24
    5.709960     0.452900    -0.405780    -0.254226     24
    1.717815     1.141335    -0.628825    -0.639904     25
    0.419878    -0.480458    -0.628825    -0.639904     25
    0.589529    -0.657847    -0.628825    -0.639904     25
    0.949394    -1.055144    -0.628825    -0.639904     25
    0.777767     0.524291    -0.628825    -0.639904     25
    1.415335    -0.666756     0.865418    -0.047770     26
    2.177562     0.122029     0.865418    -0.047770     26
    2.559841     0.464306     0.865418    -0.047770     26
    3.227978     1.384687     0.865418    -0.047770     26
    2.570303     1.199436     0.865418    -0.047770     26
    1.992123    -0.406528    -0.140837    -0.262056     27
    2.533774     0.915748    -0.140837    -0.262056     27
    1.779620     0.738745    -0.140837    -0.262056     27
    1.185969     0.604482    -0.140837    -0.262056     27
    0.059041     0.193712    -0.140837    -0.262056     27
    1.106051    -0.467821    -0.100384    -0.190519     28
    0.719912     0.063478    -0.100384    -0.190519     28
    2.212561     0.884558    -0.100384    -0.190519     28
   -0.218514    -1.086732    -0.100384    -0.190519     28
   -0.303216    -0.377047    -0.100384    -0.190519     28
    1.110260    -0.378649    -0.544754    -0.956299     29
    0.329323    -0.544841    -0.544754    -0.956299     29
   -0.777857    -1.156144    -0.544754    -0.956299     29
    1.882141     0.941515    -0.544754    -0.956299     29
    1.567541     1.017909    -0.544754    -0.956299     29
    5.769803     0.193245     0.654990     0.522907     30
    4.189467     1.079892     0.654990     0.522907     30
    4.278202     0.316417     0.654990     0.522907     30
    2.492158    -0.227799     0.654990     0.522907     30
    3.792156     0.573056     0.654990     0.522907     30
   -0.432368     0.520724    -0.716238    -0.590124     31
    0.267367    -1.998231    -0.716238    -0.590124     31
   -0.821168    -0.943228    -0.716238    -0.590124     31
    0.984228     0.702254    -0.716238    -0.590124     31
   -0.402022     1.176609    -0.716238    -0.590124     31
   -0.902914    -0.968510     0.216244    -0.663627     32
    1.168839     0.060494     0.216244    -0.663627     32
    4.535254     1.254082     0.216244    -0.663627     32
    1.843654     0.179396     0.216244    -0.663627     32
    1.258745    -0.155740     0.216244    -0.663627     32
   -2.436697     1.470386    -1.565034    -0.501419     33
   -0.094543     0.920819    -1.565034    -0.501419     33
    0.204892     1.148916    -1.565034    -0.501419     33
   -1.376669     1.372804    -1.565034    -0.501419     33
   -1.191844    -1.706079    -1.565034    -0.501419     33
   -2.616453     0.085872    -1.515209    -1.186165     34
   -0.101202     0.597691    -1.515209    -1.186165     34
   -0.984889    -2.143139    -1.515209    -1.186165     34
   -1.176946    -0.435068    -1.515209    -1.186165     34
   -0.361064     2.157229    -1.515209    -1.186165     34
    4.535988     0.730132    -0.340631     0.594776     35
    5.713123     1.726940    -0.340631     0.594776     35
    5.096427     0.392397    -0.340631     0.594776     35
    2.509862    -0.083043    -0.340631     0.594776     35
    5.736663     0.384680    -0.340631     0.594776     35
    4.739803     0.770997     0.665003     0.108159     36
    4.066558     0.872203     0.665003     0.108159     36
    4.010150    -0.178161     0.665003     0.108159     36
    8.494387     1.767683     0.665003     0.108159     36
    2.552460     0.285450     0.665003     0.108159     36
    2.514639     0.771637    -0.053332     0.894071     37
    3.413488     1.187583    -0.053332     0.894071     37
    0.772013    -1.639034    -0.053332     0.894071     37
    4.226311     0.969861    -0.053332     0.894071     37
    1.082221    -2.097183    -0.053332     0.894071     37
   -0.273633    -1.638265    -0.654760    -0.747164     38
   -2.572944     1.144148    -0.654760    -0.747164     38
   -0.590037    -1.202567    -0.654760    -0.747164     38
   -1.362368     0.539295    -0.654760    -0.747164     38
   -1.193057     1.750773    -0.654760    -0.747164     38
   -1.223454    -2.137909    -0.510747     1.005261     39
   -0.475095    -1.370069    -0.510747     1.005261     39
    1.312616    -0.879036    -0.510747     1.005261     39
    2.973049     0.108557    -0.510747     1.005261     39
    6.320003     0.274840    -0.510747     1.005261     39
    4.404188     1.001448     1.043263    -0.132671     40
    1.945911    -0.039966     1.043263    -0.132671     40
    1.952246    -0.445273     1.043263    -0.132671     40
    6.452590     1.082933     1.043263    -0.132671     40
    4.740550     0.065417     1.043263    -0.132671     40
   -0.869428    -1.211249    -1.401683    -1.163063     41
   -0.816885     2.299429    -1.401683    -1.163063     41
    1.137736     0.707597    -1.401683    -1.163063     41
    0.414120     0.478468    -1.401683    -1.163063     41
   -2.351173    -1.720620    -1.401683    -1.163063     41
    0.383947     1.905682    -1.401683    -1.163063     41
    0.210786    -0.779633    -1.401683    -1.163063     41
   -0.065884    -0.228187    -1.401683    -1.163063     41
   -1.819718     0.102230    -1.401683    -1.163063     41
   -1.302261     0.475406    -1.401683    -1.163063     41
   -0.321414     0.113974    -1.426427    -0.850832     42
   -0.804665    -0.984857    -1.426427    -0.850832     42
   -0.802046     0.775630    -1.426427    -0.850832     42
    1.605828     2.389844    -1.426427    -0.850832     42
    0.387703    -0.671192    -1.426427    -0.850832     42
    1.071036     0.631829    -1.426427    -0.850832     42
   -0.576167     0.032624    -1.426427    -0.850832     42
   -1.867671     0.780475    -1.426427    -0.850832     42
   -1.636767    -0.083304    -1.426427    -0.850832     42
   -0.497157     1.041138    -1.426427    -0.850832     42
   -1.901780    -0.341279    -2.032181    -0.868227     43
   -2.554431    -0.290205    -2.032181    -0.868227     43
   -1.623843    -1.231194    -2.032181    -0.868227     43
   -2.280028    -0.658523    -2.032181    -0.868227     43
   -0.840511    -0.421533    -2.032181    -0.868227     43
   -4.046544     2.063773    -2.032181    -0.868227     43
   -1.450077     1.019788    -2.032181    -0.868227     43
   -1.608299    -0.296525    -2.032181    -0.868227     43
   -1.069873     0.091626    -2.032181    -0.868227     43
   -3.061098     1.031582    -2.032181    -0.868227     43
    1.080590    -2.154469    -0.805264    -1.224563     44
   -1.122507     0.607644    -0.805264    -1.224563     44
    0.194551    -0.619051    -0.805264    -1.224563     44
   -1.483929     0.652525    -0.805264    -1.224563     44
   -1.389321     0.638482    -0.805264    -1.224563     44
   -1.954417     0.974681    -0.805264    -1.224563     44
   -3.288719     0.503910    -0.805264    -1.224563     44
    0.368288    -0.395975    -0.805264    -1.224563     44
   -0.107571    -0.358692    -0.805264    -1.224563     44
    0.287482     0.481635    -0.805264    -1.224563     44
    1.198596    -0.869701     0.129738     0.645546     45
    6.426613     1.866813     0.129738     0.645546     45
    3.359989     0.054982     0.129738     0.645546     45
    2.057700    -0.599451     0.129738     0.645546     45
    5.794062     1.384559     0.129738     0.645546     45
    4.088416     0.842633     0.129738     0.645546     45
    1.387994     0.374144     0.129738     0.645546     45
    1.127119    -0.856362     0.129738     0.645546     45
    0.878348    -0.903428     0.129738     0.645546     45
    3.889004     0.840599     0.129738     0.645546     45
    2.393177     0.240621    -0.362200     0.354605     46
    3.701305     0.533327    -0.362200     0.354605     46
    4.525870     1.214484    -0.362200     0.354605     46
    0.154880    -0.461081    -0.362200     0.354605     46
    2.254757    -0.443019    -0.362200     0.354605     46
    1.964477    -0.229159    -0.362200     0.354605     46
    3.623572     2.214303    -0.362200     0.354605     46
    0.380994    -1.413177    -0.362200     0.354605     46
    5.195942     1.084497    -0.362200     0.354605     46
    1.353762    -0.958485    -0.362200     0.354605     46
   -1.090153    -1.387254    -1.716868    -1.287566     47
   -0.646327    -0.459289    -1.716868    -1.287566     47
   -4.828752     1.415546    -1.716868    -1.287566     47
   -1.986617    -0.354143    -1.716868    -1.287566     47
   -2.742121    -1.036965    -1.716868    -1.287566     47
   -2.440115     0.004076    -1.716868    -1.287566     47
   -3.656456    -0.469856    -1.716868    -1.287566     47
   -1.242377    -0.440558    -1.716868    -1.287566     47
    2.630530    -3.262578    -1.716868    -1.287566     47
    0.187092    -1.607097    -1.716868    -1.287566     47
   -2.786015     1.115597    -2.110413    -1.616833     48
   -4.794002     1.984318    -2.110413    -1.616833     48
   -2.765039     1.576312    -2.110413    -1.616833     48
   -2.685880     0.494318    -2.110413    -1.616833     48
   -2.270741     0.721729    -2.110413    -1.616833     48
   -2.141942    -0.046814    -2.110413    -1.616833     48
   -1.682172    -0.231859    -2.110413    -1.616833     48
   -1.144471    -2.327943    -2.110413    -1.616833     48
   -3.583732    -0.258301    -2.110413    -1.616833     48
   -4.144270     1.087144    -2.110413    -1.616833     48
    7.491441     1.675897     0.517692    -0.056840     49
    3.968305    -0.228162     0.517692    -0.056840     49
    4.711441    -0.038227     0.517692    -0.056840     49
    5.103573     0.831513     0.517692    -0.056840     49
    5.022618    -0.008560     0.517692    -0.056840     49
    4.117565    -0.046303     0.517692    -0.056840     49
    2.649158    -0.279980     0.517692    -0.056840     49
    7.697484     1.764455     0.517692    -0.056840     49
    3.579630     0.241541     0.517692    -0.056840     49
    2.487124    -0.894259     0.517692    -0.056840     49
    2.184538    -0.386290     0.218965     0.901420     50
    7.014246     2.044480     0.218965     0.901420     50
    2.231070     0.143762     0.218965     0.901420     50
    0.335788    -1.857995     0.218965     0.901420     50
    3.074229    -0.733949     0.218965     0.901420     50
    7.665268     1.406120     0.218965     0.901420     50
    3.025935     0.661750     0.218965     0.901420     50
    2.863116     0.077836     0.218965     0.901420     50
   -0.388784    -1.460167     0.218965     0.901420     50
    3.824995     1.308636     0.218965     0.901420     50
    2.561679     0.062535     0.130455    -0.015322     51
    0.350409     0.141599     0.130455    -0.015322     51
    3.753865     0.523138     0.130455    -0.015322     51
    2.298313    -0.805026     0.130455    -0.015322     51
    0.733696     0.135830     0.130455    -0.015322     51
    3.524996     1.052874     0.130455    -0.015322     51
    1.088290    -0.036524     0.130455    -0.015322     51
    2.790622     0.649618     0.130455    -0.015322     51
    1.135914    -1.378070     0.130455    -0.015322     51
    3.094500    -0.119120     0.130455    -0.015322     51
    4.463224     1.399874     0.114197     0.711353     52
    2.860361    -0.255028     0.114197     0.711353     52
    4.615055     0.347744     0.114197     0.711353     52
    3.067013    -0.486842     0.114197     0.711353     52
    3.368220     0.025231     0.114197     0.711353     52
    0.467689    -1.132450     0.114197     0.711353     52
   -1.395235    -1.859146     0.114197     0.711353     52
    4.126441     0.690865     0.114197     0.711353     52
   -0.227891    -1.938667     0.114197     0.711353     52
    2.105693    -0.189662     0.114197     0.711353     52
    3.396324     1.663343    -0.816259    -0.036025     53
    1.777111     0.038111    -0.816259    -0.036025     53
    1.596023     1.458141    -0.816259    -0.036025     53
    0.152781     0.177007    -0.816259    -0.036025     53
    1.853749    -0.689599    -0.816259    -0.036025     53
    0.538569    -0.729877    -0.816259    -0.036025     53
    2.090088    -0.676526    -0.816259    -0.036025     53
    0.592282    -0.544998    -0.816259    -0.036025     53
    3.043022     0.295180    -0.816259    -0.036025     53
    0.779929     0.649115    -0.816259    -0.036025     53
    2.871161     0.168188    -1.299400     0.136458     54
    3.158454     1.247576    -1.299400     0.136458     54
    1.999207     0.766987    -1.299400     0.136458     54
    1.753901    -0.809420    -1.299400     0.136458     54
    1.603662    -0.733547    -1.299400     0.136458     54
   -0.811139    -1.572059    -1.299400     0.136458     54
    2.999539     1.525539    -1.299400     0.136458     54
    0.824672    -1.295268    -1.299400     0.136458     54
    1.979479    -0.409899    -1.299400     0.136458     54
    1.811898    -0.360020    -1.299400     0.136458     54
    1.421322    -1.127656     0.341036     0.016482     55
    0.603590    -1.012063     0.341036     0.016482     55
    0.974787    -0.273781     0.341036     0.016482     55
    1.382700     1.509275     0.341036     0.016482     55
    0.655199    -1.060516     0.341036     0.016482     55
    1.698113    -0.173429     0.341036     0.016482     55
    1.999326    -0.634111     0.341036     0.016482     55
   -0.055734    -1.077909     0.341036     0.016482     55
    0.802556    -0.546776     0.341036     0.016482     55
    0.087740     1.778325     0.341036     0.016482     55
    2.083812     0.288199    -1.752610    -0.425888     56
    2.231283     0.938017    -1.752610    -0.425888     56
   -0.350297    -0.513018    -1.752610    -0.425888     56
    0.844728    -1.290374    -1.752610    -0.425888     56
    2.754886     0.904680    -1.752610    -0.425888     56
    0.866780     0.090596    -1.752610    -0.425888     56
   -0.167517     1.444247    -1.752610    -0.425888     56
    1.223181     0.151056    -1.752610    -0.425888     56
    1.272669    -0.429921    -1.752610    -0.425888     56
    3.261618     1.997318    -1.752610    -0.425888     56
    4.893745     0.461430    -0.208805    -0.201111     57
    4.140378     1.326499    -0.208805    -0.201111     57
    5.360195     1.760884    -0.208805    -0.201111     57
    2.411004    -0.412197    -0.208805    -0.201111     57
    6.681178     2.899453    -0.208805    -0.201111     57
    7.531347     2.515154    -0.208805    -0.201111     57
    2.522900     0.848831    -0.208805    -0.201111     57
    0.048489    -1.866907    -0.208805    -0.201111     57
    3.490931    -0.349725    -0.208805    -0.201111     57
    3.922281     0.900181    -0.208805    -0.201111     57
    0.054621    -0.406989    -0.154105    -0.243495     58
    0.834025     0.325635    -0.154105    -0.243495     58
    1.881557     0.684646    -0.154105    -0.243495     58
    1.602874    -0.070289    -0.154105    -0.243495     58
    2.692442     1.182181    -0.154105    -0.243495     58
    0.235150    -0.497583    -0.154105    -0.243495     58
    1.050607    -1.075668    -0.154105    -0.243495     58
   -0.267939    -1.452937    -0.154105    -0.243495     58
    0.554551     0.130320    -0.154105    -0.243495     58
    2.075006     0.161801    -0.154105    -0.243495     58
    6.328453     0.896811     0.066328     0.020506     59
    4.017395     0.814162     0.066328     0.020506     59
    3.989828     0.698510     0.066328     0.020506     59
    1.123927    -0.878602     0.066328     0.020506     59
    0.117363    -1.005753     0.066328     0.020506     59
    2.180173    -0.988986     0.066328     0.020506     59
    5.328909     2.006720     0.066328     0.020506     59
    1.130481    -0.978964     0.066328     0.020506     59
    1.686979    -0.308839     0.066328     0.020506     59
    2.354266     1.070274     0.066328     0.020506     59
   -1.978941     1.101954    -1.168394    -1.387937     60
   -3.002891     1.905456    -1.168394    -1.387937     60
   -0.438327     0.873296    -1.168394    -1.387937     60
   -2.449044     1.710942    -1.168394    -1.387937     60
   -1.295080    -0.412080    -1.168394    -1.387937     60
    0.379636    -1.451646    -1.168394    -1.387937     60
   -0.580840     0.536587    -1.168394    -1.387937     60
   -2.013240     0.406018    -1.168394    -1.387937     60
   -1.414174    -1.912949    -1.168394    -1.387937     60
   -0.875247    -0.187168    -1.168394    -1.387937     60
    2.889141     0.826193     0.533925     0.304454     61
    3.212807    -1.452464     0.533925     0.304454     61
    1.735881     0.117324     0.533925     0.304454     61
    2.205611    -0.814053     0.533925     0.304454     61
    3.191915    -0.858369     0.533925     0.304454     61
    2.953297    -0.804499     0.533925     0.304454     61
    3.304664     0.989921     0.533925     0.304454     61
    3.987200     1.367537     0.533925     0.304454     61
    4.235998     0.291867     0.533925     0.304454     61
    2.531062    -0.550404     0.533925     0.304454     61
    3.860170    -0.053006     0.587388    -0.234066     62
    2.575892     0.299918     0.587388    -0.234066     62
   -0.760824    -0.359873     0.587388    -0.234066     62
    1.530150     0.395008     0.587388    -0.234066     62
    1.596591    -0.791204     0.587388    -0.234066     62
    3.457159     0.483566     0.587388    -0.234066     62
    1.364061     0.050114     0.587388    -0.234066     62
    1.149359    -2.105350     0.587388    -0.234066     62
    0.417783    -0.607660     0.587388    -0.234066     62
    4.734414     0.687147     0.587388    -0.234066     62
    1.196085     0.741192    -1.068621    -0.362387     63
    1.114034    -0.342864    -1.068621    -0.362387     63
    1.076520     0.576818    -1.068621    -0.362387     63
    0.397140    -0.080036    -1.068621    -0.362387     63
   -0.395747    -0.176084    -1.068621    -0.362387     63
    2.044144    -0.326504    -1.068621    -0.362387     63
   -3.758082    -2.268901    -1.068621    -0.362387     63
    1.107733    -0.840826    -1.068621    -0.362387     63
    2.179856     1.244882    -1.068621    -0.362387     63
   -0.470476    -0.887368    -1.068621    -0.362387     63
   -2.280141    -0.762052    -0.616837    -0.228396     64
    0.048536    -0.696227    -0.616837    -0.228396     64
    2.510390     0.062952    -0.616837    -0.228396     64
    3.754826     2.299033    -0.616837    -0.228396     64
    0.381792    -0.072950    -0.616837    -0.228396     64
    1.400571    -0.135429    -0.616837    -0.228396     64
   -0.131274    -1.291650    -0.616837    -0.228396     64
    0.015039     0.190400    -0.616837    -0.228396     64
    1.571057     1.344307    -0.616837    -0.228396     64
    1.950910     0.979679    -0.616837    -0.228396     64
   -2.258127    -1.845359    -2.294558    -1.461313     65
   -1.401507    -1.637683    -2.294558    -1.461313     65
   -2.978153     0.647527    -2.294558    -1.461313     65
   -2.516432    -1.413088    -2.294558    -1.461313     65
   -3.736641     0.481848    -2.294558    -1.461313     65
   -2.837855    -0.635522    -2.294558    -1.461313     65
   -2.254732     0.489449    -2.294558    -1.461313     65
   -1.518798    -1.536701    -2.294558    -1.461313     65
   -5.344698     1.051258    -2.294558    -1.461313     65
   -0.284522    -1.214750    -2.294558    -1.461313     65
    0.906636    -1.171918    -0.474892    -0.683082     66
   -2.574579     1.963212    -0.474892    -0.683082     66
   -0.729855     0.010686    -0.474892    -0.683082     66
   -1.878972    -0.109612    -0.474892    -0.683082     66
   -1.660131     0.516241    -0.474892    -0.683082     66
    0.101697    -1.008371    -0.474892    -0.683082     66
   -0.486264     1.601272    -0.474892    -0.683082     66
   -0.267529    -0.706464    -0.474892    -0.683082     66
    0.257452    -0.829251    -0.474892    -0.683082     66
   -1.527117     0.389612    -0.474892    -0.683082     66
    2.349046    -0.595991     0.323034     0.083679     67
    1.800651    -1.341237     0.323034     0.083679     67
    0.620929    -0.812978     0.323034     0.083679     67
    0.463282    -1.120468     0.323034     0.083679     67
    3.524639     0.319780     0.323034     0.083679     67
    3.186634    -0.493173     0.323034     0.083679     67
    3.586981    -0.049045     0.323034     0.083679     67
    3.620259     0.774715     0.323034     0.083679     67
    3.773475     0.276668     0.323034     0.083679     67
    2.682868    -0.465067     0.323034     0.083679     67
    2.299050     0.117073     0.383246    -0.418665     68
    0.793665    -1.111555     0.383246    -0.418665     68
   -0.475838    -0.886013     0.383246    -0.418665     68
    2.629841     0.871699     0.383246    -0.418665     68
    0.772477    -0.575411     0.383246    -0.418665     68
    1.938325    -0.085558     0.383246    -0.418665     68
    3.303195     0.509321     0.383246    -0.418665     68
    4.338573    -0.169707     0.383246    -0.418665     68
    4.856420     0.084339     0.383246    -0.418665     68
    3.318004     0.050474     0.383246    -0.418665     68
    2.122077    -0.047809     0.263907    -0.432085     69
    0.617902     0.525005     0.263907    -0.432085     69
    2.592312     0.998230     0.263907    -0.432085     69
   -0.182181    -0.579671     0.263907    -0.432085     69
    1.019177     0.438736     0.263907    -0.432085     69
   -0.065730    -1.204247     0.263907    -0.432085     69
    1.630363     1.079070     0.263907    -0.432085     69
   -0.290683    -0.848412     0.263907    -0.432085     69
    2.080812     0.570749     0.263907    -0.432085     69
    1.203550    -0.323692     0.263907    -0.432085     69
   -1.699866    -0.277345    -1.358114    -1.040683     70
   -2.174128     0.488584    -1.358114    -1.040683     70
   -1.456590     0.174807    -1.358114    -1.040683     70
   -0.963512     0.176461    -1.358114    -1.040683     70
   -1.141522    -1.515535    -1.358114    -1.040683     70
   -0.151050    -0.383598    -1.358114    -1.040683     70
   -1.141541    -0.273913    -1.358114    -1.040683     70
   -2.927265     0.762862    -1.358114    -1.040683     70
   -2.829131     0.120796    -1.358114    -1.040683     70
   -2.336362     0.741131    -1.358114    -1.040683     70
    1.410706     1.902830    -1.041564    -1.164686     71
    0.583345    -0.789988    -1.041564    -1.164686     71
    1.172055    -0.871094    -1.041564    -1.164686     71
   -1.375568    -1.865649    -1.041564    -1.164686     71
    2.289498     0.176422    -1.041564    -1.164686     71
    0.509979     1.349493    -1.041564    -1.164686     71
    1.607006     2.961946    -1.041564    -1.164686     71
    1.116996    -0.336580    -1.041564    -1.164686     71
   -0.800208    -1.165091    -1.041564    -1.164686     71
   -0.557303     0.034520    -1.041564    -1.164686     71
    1.492206     0.186068    -1.135056    -1.083425     72
    1.068728     1.890443    -1.135056    -1.083425     72
    1.166195     0.734346    -1.135056    -1.083425     72
   -0.685048     0.880813    -1.135056    -1.083425     72
    2.586231     0.348484    -1.135056    -1.083425     72
    2.406489     0.967700    -1.135056    -1.083425     72
    0.451897    -1.767354    -1.135056    -1.083425     72
    0.739324     0.385464    -1.135056    -1.083425     72
    0.218628     0.575165    -1.135056    -1.083425     72
    1.531454    -1.114526    -1.135056    -1.083425     72
    4.459520     1.579962    -0.249376     0.449467     73
    2.377806     0.320838    -0.249376     0.449467     73
    3.239232     0.293031    -0.249376     0.449467     73
    1.949987    -0.356009    -0.249376     0.449467     73
    5.155509     0.485870    -0.249376     0.449467     73
    5.771541     1.402498    -0.249376     0.449467     73
    1.263319    -0.372806    -0.249376     0.449467     73
    1.319155    -0.797276    -0.249376     0.449467     73
    6.668383     2.296169    -0.249376     0.449467     73
    2.652714     0.015050    -0.249376     0.449467     73
   -0.199948     1.512535    -0.743929    -1.038338     74
   -1.313272    -1.052807    -0.743929    -1.038338     74
   -0.177249     0.814316    -0.743929    -1.038338     74
    0.662471    -0.377273    -0.743929    -1.038338     74
   -0.250885    -0.070381    -0.743929    -1.038338     74
    1.900379    -0.208560    -0.743929    -1.038338     74
    0.989711    -1.042058    -0.743929    -1.038338     74
    1.272082    -0.722113    -0.743929    -1.038338     74
    1.144497    -1.942494    -0.743929    -1.038338     74
    0.404686     1.804702    -0.743929    -1.038338     74
    3.471444    -0.057439    -0.159858     0.403059     75
    1.276217     0.090692    -0.159858     0.403059     75
    4.714243     0.607748    -0.159858     0.403059     75
   -0.441400    -2.447945    -0.159858     0.403059     75
    5.025185     0.686198    -0.159858     0.403059     75
    1.669769    -0.598590    -0.159858     0.403059     75
    5.362741     0.974171    -0.159858     0.403059     75
    3.417719    -0.458720    -0.159858     0.403059     75
    5.211195     1.076264    -0.159858     0.403059     75
    3.069597     0.345462    -0.159858     0.403059     75
    5.182646    -0.137994     2.075976     1.918501     76
    6.178455     0.987473     2.075976     1.918501     76
    9.653983     1.970007     2.075976     1.918501     76
    2.764178    -0.770728     2.075976     1.918501     76
    5.095932     0.490411     2.075976     1.918501     76
    7.509636     0.651160     2.075976     1.918501     76
    3.713528    -1.112450     2.075976     1.918501     76
    3.424742    -0.540743     2.075976     1.918501     76
    6.098573     0.368351     2.075976     1.918501     76
    5.354621    -0.324901     2.075976     1.918501     76
    3.838810    -0.382454     1.498411     1.080717     77
    7.437187     0.391723     1.498411     1.080717     77
    8.555111     1.189756     1.498411     1.080717     77
    8.762348     0.553677     1.498411     1.080717     77
    4.259633    -0.154797     1.498411     1.080717     77
    7.773138     0.253791     1.498411     1.080717     77
    7.074317     0.341735     1.498411     1.080717     77
    6.779016     0.360819     1.498411     1.080717     77
    4.109563     0.227733     1.498411     1.080717     77
    2.541846    -0.635689     1.498411     1.080717     77
    4.894643     0.466334     1.602298     0.647690     78
    2.058626    -0.111046     1.602298     0.647690     78
    4.609298     1.009607     1.602298     0.647690     78
   -1.051964    -1.966466     1.602298     0.647690     78
    4.512779     0.883785     1.602298     0.647690     78
    4.651162    -0.240705     1.602298     0.647690     78
    4.374628    -0.372375     1.602298     0.647690     78
    3.368729    -0.268191     1.602298     0.647690     78
    2.976638    -0.149698     1.602298     0.647690     78
    5.721532     0.870951     1.602298     0.647690     78
    3.044014     0.083957     0.463207    -0.107120     79
   -0.313318    -1.814690     0.463207    -0.107120     79
    3.639950    -0.711496     0.463207    -0.107120     79
    2.591900    -1.222732     0.463207    -0.107120     79
    1.632902     0.666015     0.463207    -0.107120     79
    0.897991     0.342343     0.463207    -0.107120     79
    3.125128     0.142044     0.463207    -0.107120     79
    2.893055     1.277787     0.463207    -0.107120     79
   -0.507767    -0.149785     0.463207    -0.107120     79
    0.156552    -0.800566     0.463207    -0.107120     79
    2.392273     0.110376    -0.283370    -0.876293     80
    1.904117    -0.278994    -0.283370    -0.876293     80
    1.899778     1.540983    -0.283370    -0.876293     80
    1.027972     0.235651    -0.283370    -0.876293     80
    2.229401    -0.564665    -0.283370    -0.876293     80
    1.394128    -0.716556    -0.283370    -0.876293     80
    1.709302    -0.669673    -0.283370    -0.876293     80
    0.987086     0.029289    -0.283370    -0.876293     80
    2.327632    -0.169958    -0.283370    -0.876293     80
    1.354513     0.636090    -0.283370    -0.876293     80
   -0.139008     1.056623    -0.754416    -0.945981     81
   -0.535207     0.709222    -0.754416    -0.945981     81
    1.149167     1.194331    -0.754416    -0.945981     81
    1.097982     0.536986    -0.754416    -0.945981     81
   -0.371837    -1.117367    -0.754416    -0.945981     81
   -0.238527    -0.699060    -0.754416    -0.945981     81
    2.070337     2.875863    -0.754416    -0.945981     81
   -0.121509     0.077551    -0.754416    -0.945981     81
    0.757948    -0.926884    -0.754416    -0.945981     81
    0.707230    -0.311203    -0.754416    -0.945981     81
   -3.156856     0.195263    -1.306796    -0.746662     82
   -3.444863     2.107049    -1.306796    -0.746662     82
   -0.882972     1.493189    -1.306796    -0.746662     82
   -0.311923    -0.697660    -1.306796    -0.746662     82
   -0.848781     1.277885    -1.306796    -0.746662     82
    0.171684    -0.001460    -1.306796    -0.746662     82
   -2.146647     0.430285    -1.306796    -0.746662     82
   -4.004435     2.090500    -1.306796    -0.746662     82
   -2.492537     1.799784    -1.306796    -0.746662     82
    0.197835    -1.063360    -1.306796    -0.746662     82
    2.665249     1.757700     0.727768    -0.638365     83
    4.536711     2.564481     0.727768    -0.638365     83
    1.365521     0.751550     0.727768    -0.638365     83
   -0.637629    -0.697938     0.727768    -0.638365     83
    1.452763     0.599332     0.727768    -0.638365     83
    1.319026    -0.095408     0.727768    -0.638365     83
    2.167126     1.348131     0.727768    -0.638365     83
    2.773151    -0.057124     0.727768    -0.638365     83
    0.458505    -0.451198     0.727768    -0.638365     83
    0.756238     0.383232     0.727768    -0.638365     83
    1.485046     0.346363    -1.512682    -0.555903     84
    0.014103     1.030603    -1.512682    -0.555903     84
   -2.354297    -1.107763    -1.512682    -0.555903     84
    2.538136     0.618245    -1.512682    -0.555903     84
    0.010945    -0.565977    -1.512682    -0.555903     84
    0.271599    -1.332031    -1.512682    -0.555903     84
    0.397744    -0.991783    -1.512682    -0.555903     84
   -0.274167    -1.904471    -1.512682    -0.555903     84
    1.537854     0.643010    -1.512682    -0.555903     84
    1.640809    -0.851995    -1.512682    -0.555903     84
    3.390847    -1.119564     1.609740     0.543800     85
    2.007584    -0.869071     1.609740     0.543800     85
    3.146218    -0.897419     1.609740     0.543800     85
    7.754329     0.960944     1.609740     0.543800     85
    8.174952     1.233767     1.609740     0.543800     85
    2.678341    -0.056733     1.609740     0.543800     85
    5.536472     0.244530     1.609740     0.543800     85
    4.806861    -0.143047     1.609740     0.543800     85
    3.124926    -1.572544     1.609740     0.543800     85
    3.827330    -0.059291     1.609740     0.543800     85
    0.068865     1.352024    -1.242851    -0.912176     86
    0.714777    -0.222476    -1.242851    -0.912176     86
   -0.415479    -1.171197    -1.242851    -0.912176     86
   -0.167481     0.842876    -1.242851    -0.912176     86
   -0.371746    -0.092719    -1.242851    -0.912176     86
   -2.873260    -0.138888    -1.242851    -0.912176     86
   -0.304508    -1.423844    -1.242851    -0.912176     86
   -0.609399    -2.027610    -1.242851    -0.912176     86
   -0.021517    -0.403857    -1.242851    -0.912176     86
    0.074298    -0.409765    -1.242851    -0.912176     86
    4.018103     1.347123     0.076749    -0.183779     87
    2.336616     0.299574     0.076749    -0.183779     87
    3.342411     1.068725     0.076749    -0.183779     87
    4.598871     0.138550     0.076749    -0.183779     87
   -0.477222    -0.868545     0.076749    -0.183779     87
    2.294758     0.071127     0.076749    -0.183779     87
    1.295830    -2.024773     0.076749    -0.183779     87
    4.221311     2.030688     0.076749    -0.183779     87
    3.005576    -0.276165     0.076749    -0.183779     87
    1.444757    -0.005091     0.076749    -0.183779     87
    2.208463     0.047934    -0.036074    -0.625211     88
    2.610881     0.713566    -0.036074    -0.625211     88
    2.878144     0.834176    -0.036074    -0.625211     88
    3.844266     1.197185    -0.036074    -0.625211     88
    1.895366     0.645838    -0.036074    -0.625211     88
    1.782533    -0.124593    -0.036074    -0.625211     88
    0.548958    -1.042176    -0.036074    -0.625211     88
    1.807391    -1.565137    -0.036074    -0.625211     88
    1.282708     0.643911    -0.036074    -0.625211     88
   -0.688872     0.200730    -0.036074    -0.625211     88
    4.760439     0.765087     0.912536     0.258116     89
    3.806393     0.806891     0.912536     0.258116     89
    2.307076    -0.261093     0.912536     0.258116     89
    3.308563     0.198359     0.912536     0.258116     89
    1.994838    -1.220559     0.912536     0.258116     89
    1.665623    -0.491886     0.912536     0.258116     89
    2.988840    -0.909233     0.912536     0.258116     89
    2.320473    -2.136562     0.912536     0.258116     89
    3.658735     0.076525     0.912536     0.258116     89
    4.749120     0.135374     0.912536     0.258116     89
    0.743860    -0.717243    -0.524932    -0.621096     90
   -0.033466    -1.112251    -0.524932    -0.621096     90
    0.349751     0.952543    -0.524932    -0.621096     90
    0.113301     0.241460    -0.524932    -0.621096     90
   -0.989576    -0.602208    -0.524932    -0.621096     90
   -1.997705     2.048761    -0.524932    -0.621096     90
    1.248452     0.477741    -0.524932    -0.621096     90
    0.433440    -0.327778    -0.524932    -0.621096     90
   -3.187240    -2.410674    -0.524932    -0.621096     90
   -1.172699     0.891817    -0.524932    -0.621096     90
    0.305810     0.384943    -1.078533    -1.176967     91
    0.478437     0.103590    -1.078533    -1.176967     91
   -1.738601    -0.344814    -1.078533    -1.176967     91
   -1.687367    -1.021985    -1.078533    -1.176967     91
   -1.005010    -0.088561    -1.078533    -1.176967     91
    0.208438    -0.168131    -1.078533    -1.176967     91
    3.568873     0.140074    -1.078533    -1.176967     91
    0.370810    -0.313323    -1.078533    -1.176967     91
   -1.722757     0.223207    -1.078533    -1.176967     91
    0.865659     0.600619    -1.078533    -1.176967     91
    1.143851    -1.491220    -1.078533    -1.176967     91
   -1.232716    -0.283925    -1.078533    -1.176967     91
   -0.548775     0.543736    -1.078533    -1.176967     91
    1.472176     1.102500    -1.078533    -1.176967     91
    2.053836     0.491784    -1.078533    -1.176967     91
    2.204852     0.692536     1.008590     0.188813     92
    2.673768    -0.768275     1.008590     0.188813     92
    2.159672     0.170295     1.008590     0.188813     92
    3.913199    -0.464526     1.008590     0.188813     92
    1.940384     0.113401     1.008590     0.188813     92
    1.497733    -1.064198     1.008590     0.188813     92
    1.708754     0.549404     1.008590     0.188813     92
    2.613863    -0.065281     1.008590     0.188813     92
    0.925244     0.426701     1.008590     0.188813     92
    2.323408    -0.753142     1.008590     0.188813     92
    2.883997    -0.371965     1.008590     0.188813     92
    2.961075     2.277548     1.008590     0.188813     92
    1.983983     1.956848     1.008590     0.188813     92
    4.292765     1.078977     1.008590     0.188813     92
    1.739864     0.880929     1.008590     0.188813     92
    2.192004    -0.718201    -1.074743    -0.073963     93
    2.388182    -0.697861    -1.074743    -0.073963     93
    0.254831    -0.665974    -1.074743    -0.073963     93
    1.339455     0.847704    -1.074743    -0.073963     93
    3.187851    -0.242705    -1.074743    -0.073963     93
    0.749472     0.465998    -1.074743    -0.073963     93
    2.375026    -0.033389    -1.074743    -0.073963     93
    0.499442    -0.041281    -1.074743    -0.073963     93
    1.514235    -0.777916    -1.074743    -0.073963     93
    0.830902     1.682064    -1.074743    -0.073963     93
    1.042362    -0.434888    -1.074743    -0.073963     93
    1.274742    -0.867108    -1.074743    -0.073963     93
   -0.824299    -0.610154    -1.074743    -0.073963     93
    0.854345    -0.074797    -1.074743    -0.073963     93
    1.211866    -1.405018    -1.074743    -0.073963     93
    4.524286     0.879905     0.050968     0.260690     94
    1.047668    -0.741786     0.050968     0.260690     94
   -1.582954    -1.646577     0.050968     0.260690     94
    4.754834     1.235498     0.050968     0.260690     94
   -1.447246    -1.874587     0.050968     0.260690     94
    1.451862     0.165877     0.050968     0.260690     94
   -1.438494    -1.534489     0.050968     0.260690     94
    3.439459     0.638837     0.050968     0.260690     94
    3.752439     1.315055     0.050968     0.260690     94
    3.418733     0.316877     0.050968     0.260690     94
    0.619130    -0.211510     0.050968     0.260690     94
    2.501939    -0.382016     0.050968     0.260690     94
    0.882752    -0.042376     0.050968     0.260690     94
    3.042214    -0.439399     0.050968     0.260690     94
    2.751762     0.518714     0.050968     0.260690     94
    1.539170     1.712574    -0.524993    -0.634030     95
    0.084921    -1.962881    -0.524993    -0.634030     95
    1.434183     0.535591    -0.524993    -0.634030     95
    3.855852     1.992756    -0.524993    -0.634030     95
    1.584907    -0.369119    -0.524993    -0.634030     95
   -0.223951    -1.349868    -0.524993    -0.634030     95
    3.556297     2.266390    -0.524993    -0.634030     95
    2.939434     0.099797    -0.524993    -0.634030     95
    2.271530    -0.637768    -0.524993    -0.634030     95
    0.966569     0.047622    -0.524993    -0.634030     95
    2.870537     1.200607    -0.524993    -0.634030     95
    1.790531    -1.127443    -0.524993    -0.634030     95
    5.005837     0.632669    -0.524993    -0.634030     95
    1.126868    -0.093012    -0.524993    -0.634030     95
    1.855656     0.179650    -0.524993    -0.634030     95
    1.806246     0.694011    -0.862988    -0.269104     96
    1.799194    -1.136219    -0.862988    -0.269104     96
    0.437425    -0.743107    -0.862988    -0.269104     96
    2.229876     0.062280    -0.862988    -0.269104     96
   -0.024335     1.360923    -0.862988    -0.269104     96
    1.777982     1.100192    -0.862988    -0.269104     96
    0.599055    -0.285959    -0.862988    -0.269104     96
   -0.134137     1.017222    -0.862988    -0.269104     96
    1.311929    -2.200792    -0.862988    -0.269104     96
    1.808926     0.080206    -0.862988    -0.269104     96
    0.159601     0.555602    -0.862988    -0.269104     96
    1.541769     0.017589    -0.862988    -0.269104     96
    1.120188    -0.473889    -0.862988    -0.269104     96
    0.647005     0.878883    -0.862988    -0.269104     96
    2.702151    -1.633218    -0.862988    -0.269104     96
    2.044308    -1.918144     0.012862    -0.468932     97
    0.538262    -1.657448     0.012862    -0.468932     97
   -0.341860     2.729801     0.012862    -0.468932     97
   -0.298053    -0.008750     0.012862    -0.468932     97
    1.418598     0.504218     0.012862    -0.468932     97
    2.785788    -0.837628     0.012862    -0.468932     97
    0.378678     2.544003     0.012862    -0.468932     97
    1.766293    -0.544603     0.012862    -0.468932     97
    1.866196    -1.355503     0.012862    -0.468932     97
    2.984998    -0.290746     0.012862    -0.468932     97
    1.813183    -0.405628     0.012862    -0.468932     97
    1.508605    -0.115041     0.012862    -0.468932     97
   -0.481954    -0.866549     0.012862    -0.468932     97
    1.028599    -0.811331     0.012862    -0.468932     97
    1.452312    -0.223411     0.012862    -0.468932     97
    2.952818    -0.843853     1.429195     0.222332     98
    5.892470     0.431581     1.429195     0.222332     98
    3.356318    -0.198195     1.429195     0.222332     98
    3.559382    -0.829804     1.429195     0.222332     98
    5.442786     0.314472     1.429195     0.222332     98
    5.498760     0.996960     1.429195     0.222332     98
    4.687778    -0.008471     1.429195     0.222332     98
    5.628494     0.444683     1.429195     0.222332     98
    6.595462     1.842716     1.429195     0.222332     98
    6.284628     1.356037     1.429195     0.222332     98
    5.014170     0.387443     1.429195     0.222332     98
    1.888003    -1.412859     1.429195     0.222332     98
    7.713202     1.299916     1.429195     0.222332     98
    2.393098    -0.794101     1.429195     0.222332     98
    5.641056     0.215768     1.429195     0.222332     98
   -1.097333    -1.728552    -0.514827    -0.413741     99
    1.617206     0.308901    -0.514827    -0.413741     99
   -0.512566    -0.548435    -0.514827    -0.413741     99
    0.745474     0.886697    -0.514827    -0.413741     99
   -0.075592    -0.049252    -0.514827    -0.413741     99
    0.477036    -0.965376    -0.514827    -0.413741     99
    3.107225     0.867139    -0.514827    -0.413741     99
    1.941850     0.013716    -0.514827    -0.413741     99
    4.805138     0.909145    -0.514827    -0.413741     99
    0.193149    -0.263628    -0.514827    -0.413741     99
    3.080342     1.491488    -0.514827    -0.413741     99
    3.011833     0.671841    -0.514827    -0.413741     99
    3.391770     1.675437    -0.514827    -0.413741     99
   -2.397071    -2.269671    -0.514827    -0.413741     99
   -0.282638    -0.023596    -0.514827    -0.413741     99
    4.342171     1.192969    -0.087260    -0.996105    100
    0.221816    -1.082785    -0.087260    -0.996105    100
    3.093600     1.398679    -0.087260    -0.996105    100
    5.251150     0.802492    -0.087260    -0.996105    100
    3.006132    -0.325788    -0.087260    -0.996105    100
    3.744702     0.608600    -0.087260    -0.996105    100
    1.302499    -0.540590    -0.087260    -0.996105    100
   -0.672144    -0.748483    -0.087260    -0.996105    100
   -0.461804    -1.036694    -0.087260    -0.996105    100
    1.185227    -0.558519    -0.087260    -0.996105    100
    3.497455    -0.437036    -0.087260    -0.996105    100
    1.896152     0.054665    -0.087260    -0.996105    100
    4.901565     0.964669    -0.087260    -0.996105    100
    1.808224    -0.227884    -0.087260    -0.996105    100
    0.411301    -0.803664    -0.087260    -0.996105    100
    0.835412    -1.301169    -3.043935    -2.033711    101
   -4.585815     1.351737    -3.043935    -2.033711    101
   -1.635091    -0.114114    -3.043935    -2.033711    101
   -2.343538     0.082943    -3.043935    -2.033711    101
   -3.517275     0.552459    -3.043935    -2.033711    101
   -2.566841     0.352989    -3.043935    -2.033711    101
   -1.161774     0.155373    -3.043935    -2.033711    101
   -0.639484    -1.298336    -3.043935    -2.033711    101
   -2.615263    -1.550185    -3.043935    -2.033711    101
   -1.329405     0.272746    -3.043935    -2.033711    101
   -0.783492    -1.160687    -3.043935    -2.033711    101
   -2.945046     1.221628    -3.043935    -2.033711    101
    0.155417    -2.490749    -3.043935    -2.033711    101
   -3.215464    -0.463696    -3.043935    -2.033711    101
   -5.451010     2.435717    -3.043935    -2.033711    101
    1.419235     0.692817     0.814799     0.693761    102
    0.787971    -1.156614     0.814799     0.693761    102
    0.998331    -0.521021     0.814799     0.693761    102
    2.868530    -0.052232     0.814799     0.693761    102
    1.844531     1.129671     0.814799     0.693761    102
    2.194053     0.240379     0.814799     0.693761    102
    0.475376    -0.546384     0.814799     0.693761    102
    3.362174     1.784783     0.814799     0.693761    102
    2.035482    -0.560833     0.814799     0.693761    102
    2.857061     0.822514     0.814799     0.693761    102
    1.822665    -0.488996     0.814799     0.693761    102
    1.822658    -1.404560     0.814799     0.693761    102
    0.495310    -0.147517     0.814799     0.693761    102
    1.352927     0.203581     0.814799     0.693761    102
    5.314970     1.670049     0.814799     0.693761    102
    0.287421    -1.164854     0.838454     0.542983    103
    0.229189    -1.339434     0.838454     0.542983    103
    1.806923    -0.206912     0.838454     0.542983    103
    2.817705    -0.033113     0.838454     0.542983    103
    4.395992     0.107399     0.838454     0.542983    103
    0.892664    -0.175427     0.838454     0.542983    103
    2.104855    -0.755238     0.838454     0.542983    103
    5.751907     0.713970     0.838454     0.542983    103
    2.606172     0.338682     0.838454     0.542983    103
    2.729511     0.403070     0.838454     0.542983    103
    2.551529    -0.826169     0.838454     0.542983    103
    8.308462     2.326971     0.838454     0.542983    103
   -0.578445    -1.624082     0.838454     0.542983    103
    2.958797     0.108098     0.838454     0.542983    103
    4.212726     0.136811     0.838454     0.542983    103
    0.234939     0.212923    -0.317738    -0.659883    104
    1.330777     0.054306    -0.317738    -0.659883    104
    0.593981    -0.477588    -0.317738    -0.659883    104
    0.671064     0.226764    -0.317738    -0.659883    104
    0.051852     0.380827    -0.317738    -0.659883    104
    1.188000    -0.614624    -0.317738    -0.659883    104
    1.117538     1.070342    -0.317738    -0.659883    104
    0.522916     0.621836    -0.317738    -0.659883    104
    1.561630    -0.065899    -0.317738    -0.659883    104
    3.680758     3.274470    -0.317738    -0.659883    104
    0.516386    -0.400957    -0.317738    -0.659883    104
    1.291524    -0.402995    -0.317738    -0.659883    104
    0.989319    -0.907070    -0.317738    -0.659883    104
    3.336909     1.337748    -0.317738    -0.659883    104
   -1.178706    -2.606271    -0.317738    -0.659883    104
    4.488586     0.056763     0.581491     0.983076    105
    3.301842     0.020703     0.581491     0.983076    105
    6.228356     0.443770     0.581491     0.983076    105
    5.008675     0.068397     0.581491     0.983076    105
    6.428564     1.815958     0.581491     0.983076    105
    5.580756     0.333181     0.581491     0.983076    105
    6.485272     1.266735     0.581491     0.983076    105
    6.093867     0.851162     0.581491     0.983076    105
    7.016421     1.694200     0.581491     0.983076    105
    6.533712     0.845811     0.581491     0.983076    105
    5.432717     0.896904     0.581491     0.983076    105
    1.554141    -0.297867     0.581491     0.983076    105
    1.555513    -1.252273     0.581491     0.983076    105
    5.663971     1.050694     0.581491     0.983076    105
    4.265982    -0.356323     0.581491     0.983076    105
    1.347811     0.872479     0.173757    -0.291546    106
    1.229969     0.167707     0.173757    -0.291546    106
    1.961677    -0.034684     0.173757    -0.291546    106
    1.431518    -0.107531     0.173757    -0.291546    106
    1.289489    -0.353078     0.173757    -0.291546    106
    3.493264    -0.123811     0.173757    -0.291546    106
    1.677627    -0.113065     0.173757    -0.291546    106
    0.700956    -1.838664     0.173757    -0.291546    106
    5.987768     1.666151     0.173757    -0.291546    106
    1.851309     0.232475     0.173757    -0.291546    106
    4.108541     1.489096     0.173757    -0.291546    106
    1.549542    -0.533057     0.173757    -0.291546    106
    1.267751    -0.076159     0.173757    -0.291546    106
    3.377474    -0.142630     0.173757    -0.291546    106
    2.144902     0.085218     0.173757    -0.291546    106
    3.193486     0.423757     1.012859     0.364908    107
    6.691925     1.067487     1.012859     0.364908    107
    5.354771     1.490690     1.012859     0.364908    107
    2.315294    -1.614790     1.012859     0.364908    107
    2.406724    -1.875172     1.012859     0.364908    107
    5.069512     1.152394     1.012859     0.364908    107
    2.932845    -0.205619     1.012859     0.364908    107
    1.823478    -0.076546     1.012859     0.364908    107
    3.222877    -0.768529     1.012859     0.364908    107
    3.094724    -1.641149     1.012859     0.364908    107
    5.779559     0.740124     1.012859     0.364908    107
    5.674151     1.356559     1.012859     0.364908    107
    1.598646    -0.731484     1.012859     0.364908    107
    5.002588     0.546760     1.012859     0.364908    107
    6.146557     0.957926     1.012859     0.364908    107
   -0.575850     0.186689    -0.053734    -1.029387    108
   -0.508857    -0.526883    -0.053734    -1.029387    108
   -1.781619     0.621804    -0.053734    -1.029387    108
    0.220577     0.292887    -0.053734    -1.029387    108
    0.903489     0.001219    -0.053734    -1.029387    108
    0.750325     2.326018    -0.053734    -1.029387    108
    1.209312    -2.185827    -0.053734    -1.029387    108
    0.286897    -0.842447    -0.053734    -1.029387    108
   -0.048511     0.299622    -0.053734    -1.029387    108
   -1.526644    -0.717685    -0.053734    -1.029387    108
   -0.632518    -1.762607    -0.053734    -1.029387    108
    0.713550     0.240017    -0.053734    -1.029387    108
   -2.453101    -0.276942    -0.053734    -1.029387    108
   -0.539233    -0.272287    -0.053734    -1.029387    108
    1.714860    -0.015292    -0.053734    -1.029387    108
   -0.555276    -0.316268    -1.183461    -1.019174    109
   -0.769830    -0.050525    -1.183461    -1.019174    109
   -0.342647     0.579860    -1.183461    -1.019174    109
   -0.968195     0.005719    -1.183461    -1.019174    109
   -1.872276     0.217812    -1.183461    -1.019174    109
    1.023349     0.295150    -1.183461    -1.019174    109
    0.543901    -2.578013    -1.183461    -1.019174    109
    1.076737    -0.146372    -1.183461    -1.019174    109
   -0.204523     0.634774    -1.183461    -1.019174    109
   -0.956144    -0.816828    -1.183461    -1.019174    109
   -0.782806     1.278961    -1.183461    -1.019174    109
    0.074986     0.768891    -1.183461    -1.019174    109
   -2.519186     0.824343    -1.183461    -1.019174    109
   -1.618774     1.083696    -1.183461    -1.019174    109
    0.841465    -1.120327    -1.183461    -1.019174    109
    1.863072    -0.205229    -1.079401    -0.289182    110
    2.568882     0.116867    -1.079401    -0.289182    110
   -0.322022    -0.351422    -1.079401    -0.289182    110
    0.660472     0.056242    -1.079401    -0.289182    110
    0.369361     0.910267    -1.079401    -0.289182    110
    2.072054    -1.037267    -1.079401    -0.289182    110
    0.432913    -0.982243    -1.079401    -0.289182    110
    2.216172     0.677518    -1.079401    -0.289182    110
    2.468713    -1.793283    -1.079401    -0.289182    110
    0.459908    -1.078605    -1.079401    -0.289182    110
    1.694667     2.294118    -1.079401    -0.289182    110
    0.295188     0.852987    -1.079401    -0.289182    110
   -0.421477     0.808331    -1.079401    -0.289182    110
    2.226714    -2.292453    -1.079401    -0.289182    110
    2.187856    -1.716365    -1.079401    -0.289182    110
